08	Jan	2727073	2605154	121919	4.5
2008	Feb	2720574	2606746	113828	4.2
2008	Mar	2732922	2620307	112615	4.1
2008	Apr	2745342	2640838	104504	3.8
2008	May	2752074	2634108	117966	4.3
2008	Jun	2780924	2644576	136348	4.9
2008	Jul	2800630	2660516	140114	5.0
2008	Aug	2786526	2645818	140708	5.0
2008	Sep	2775591	2637347	138244	5.0
2008	Oct	2803166	2660135	143031	5.1
2008	Nov	2804157	2658915	145242	5.2
2008	Dec	2802115	2653221	148894	5.3
2009	Jan	2793194	2621236	171958	6.2
2009	Feb	2796383	2620186	176197	6.3
2009	Mar	2795066	2618371	176695	6.3
2009	Apr	2795730	2626400	169330	6.1
2009	May	2821185	2616211	204974	7.3
2009	Jun	2856269	2616129	240140	8.4
2009	Jul	2874850	2627770	247080	8.6
2009	Aug	2852526	2610203	242323	8.5
2009	Sep	2849033	2607681	241352	8.5
2009	Oct	2848966	2611739	237227	8.3
2009	Nov	2851342	2618419	232923	8.2
2009	Dec	2843738	2610757	232981	8.2
2010	Jan	2921245	2667279	253966	8.7
2010	Feb	2930054	2682269	247785	8.5
2010	Mar	2939866	2693525	246341	8.4
2010	Apr	2970610	2732850	237760	8.0
2010	May	2963345	2726024	237321	8.0
2010	Jun	2970638	2717804	252834	8.5
2010	Jul	2989165	2733835	255330	8.5
2010	Aug	2985150	2736295	248855	8.3
2010	Sep	2991652	2749134	242518	8.1
2010	Oct	2985355	2747341	238014	8.0
2010	Nov	2998997	2751643	247354	8.2
2010	Dec	2997072	2759381	237691	7.9
2011	Jan	3002672	2751976	250696	8.3
2011	Feb	3008474	2766840	241634	8.0
2011	Mar	3018143	2782075	236068	7.8
2011	Apr	3022838	2794696	228142	7.5
2011	May	3027838	2793866	233972	7.7
2011	Jun	3047047	2789573	257474	8.4
2011	Jul	3050950	2797155	253795	8.3
2011	Aug	3044277	2798516	245761	8.1
2011	Sep	3064965	2823078	241887	7.9
2011	Oct	3067280	2838583	228697	7.5
2011	Nov	3067937	2849391	218546	7.1
2011	Dec	3071651	2857943	213708	7.0
2012	Jan	3063751	2841639	222112	7.2
2012	Feb	3078856	2862776	216080	7.0
2012	Mar	3086695	2879461	207234	6.7
2012	Apr	3081644	2886316	195328	6.3
2012	May	3100188	2895719	204469	6.6
2012	Jun	3121939	2896850	225089	7.2
2012	Jul	3131112	2907139	223973	7.2
2012	Aug	3110437	2900516	209921	6.7
2012	Sep	3133286	2938102	195184	6.2
2012	Oct	3147236	2956113	191123	6.1
2012	Nov	3140751	2955652	185099	5.9
2012	Dec	3151152	2961475	189677	6.0
2013	Jan	3154142	2941803	212339	6.7
2013	Feb	3161410	2963570	197840	6.3
2013	Mar	3159737	2970357	189380	6.0
2013	Apr	3169491	2988317	181174	5.7
2013	May	3184540	2992460	192080	6.0
2013	Jun	3196569	2985184	211385	6.6
2013	Jul	3203562	2997661	205901	6.4
2013	Aug	3184283	2988659	195624	6.1
2013	Sep	3195171	3004996	190175	6.0
2013	Oct	3181404	2996959	184445	5.8
2013	Nov	3200924	3025889	175035	5.5
2013	Dec	3199406	3034380	165026	5.2
2014	Jan	3204466	3029449	175017	5.5
2014	Feb	3222246	3047209	175037	5.4
2014	Mar	3233075	3062685	170390	5.3
2014	Apr	3219359	3072867	146492	4.6
2014	May	3233677	3074856	158821	4.9
2014	Jun	3242326	3071916	170410	5.3
2014	Jul	3260684	3082632	178052	5.5
2014	Aug	3244163	3073716	170447	5.3
2014	Sep	3249481	3093687	155794	4.8
2014	Oct	3257802	3112250	145552	4.5
2014	Nov	3260536	3116934	143602	4.4
2014	Dec	3248296	3115980	132316	4.1
2015	Jan	3251236	3102716	148520	4.6
2015	Feb	3250703	3109017	141686	4.4
2015	Mar	3246013	3107030	138983	4.3
2015	Apr	3250224	3117806	132418	4.1
2015	May	3258692	3114449	144243	4.4
2015	Jun	3256619	3099807	156812	4.8
2015	Jul	3264957	3101627	163330	5.0
2015	Aug	3249752	3092372	157380	4.8
2015	Sep	3247000	3092794	154206	4.7
2015	Oct	3255162	3101326	153836	4.7
2015	Nov	3265937	3109910	156027	4.8
2015	Dec	3266522	3116185	150337	4.6
2016	Jan	3269499	3111069	158430	4.8
2016	Feb	3282635	3125748	156887	4.8
2016	Mar	3289878	3126747	163131	5.0
2016	Apr	3285983	3127087	158896	4.8
2016	May	3281256	3121007	160249	4.9
2016	Jun	3300074	3113691	186383	5.6
2016	Jul	3314469	3122611	191858	5.8
2016	Aug	3295799	3105298	190501	5.8
2016	Sep	3305344	3115166	190178	5.8
2016	Oct	3296184	3117866	178318	5.4
2016	Nov	3298342	3125454	172888	5.2
2016	Dec	3297292	3121317	175975	5.3
2017	Jan	3304468	3112349	192119	5.8
2017	Feb	3321520	3136029	185491	5.6
2017	Mar	3322928	3149950	172978	5.2
2017	Apr	3323912	3162769	161143	4.8
2017	May	3314891	3156536	158355	4.8
2017	Jun	3327807	3157302	170505	5.1
2017	Jul	3338158	3169503	168655	5.1
2017	Aug	3321027	3150994	170033	5.1
2017	Sep	3338453	3176795	161658	4.8
2017	Oct	3317087	3172300	144787	4.4
2017	Nov	3340160	3192864	147296	4.4
2017	Dec	3343410	3199215	144195	4.3
2018	Jan	3349883	3188268	161615	4.8
2018	Feb	3393697	3233853	159844	4.7
2018	Mar	3395174	3238933	156241	4.6
2018	Apr	3410234	3265411	144823	4.2
2018	May	3396897	3254388	142509	4.2
2018	Jun	3411756	3254479	157277	4.6
2018	Jul	3418897	3268529	150368	4.4
2018	Aug	3392775	3246198	146577	4.3
2018	Sep	3405254	3264431	140823	4.1
2018	Oct	3422076	3293349	128727	3.8
2018	Nov	3442623(P)	3313013(P)	129610(P)	3.8(P)
P : Preliminary.